
NODE-GROUND VOLTAGES BY CIRCUIT ELEMENT

Power Delivery Elements

Bus      (node ref)  Phase    Magnitude, kV (pu)    Angle

ELEMENT = "Vsource.SOURCE"
150       (  1)    1           2.4258 (    1.01) /_    0.0
150       (  2)    2           2.4258 (    1.01) /_ -120.0
150       (  3)    3           2.4258 (    1.01) /_  120.0
------------
150       (  0)    0                0 (       0) /_    0.0
150       (  0)    0                0 (       0) /_    0.0
150       (  0)    0                0 (       0) /_    0.0

ELEMENT = "Transformer.REG1A"
150       (  1)    1           2.4258 (    1.01) /_    0.0
150       (  2)    2           2.4258 (    1.01) /_ -120.0
150       (  3)    3           2.4258 (    1.01) /_  120.0
150       (  0)    0                0 (       0) /_    0.0
------------
150R      (  4)    1           2.4258 (    1.01) /_    0.0
150R      (  5)    2           2.4258 (    1.01) /_ -120.0
150R      (  6)    3           2.4258 (    1.01) /_  120.0
150R      (  0)    0                0 (       0) /_    0.0

ELEMENT = "Line.L115"
149       (  7)    1           2.4258 (    1.01) /_    0.0
149       (  8)    2           2.4258 (    1.01) /_ -120.0
149       (  9)    3           2.4258 (    1.01) /_  120.0
------------
1         ( 10)    1           2.3936 (  0.9966) /_   -0.7
1         ( 11)    2           2.4183 (   1.007) /_ -120.4
1         ( 12)    3           2.4028 (       1) /_  119.6

ELEMENT = "Line.L1"
1         ( 11)    2           2.4183 (   1.007) /_ -120.4
------------
2         ( 13)    2           2.4178 (   1.007) /_ -120.4

ELEMENT = "Line.L2"
1         ( 12)    3           2.4028 (       1) /_  119.6
------------
3         ( 14)    3           2.3988 (  0.9988) /_  119.5

ELEMENT = "Line.L3"
1         ( 10)    1           2.3936 (  0.9966) /_   -0.7
1         ( 11)    2           2.4183 (   1.007) /_ -120.4
1         ( 12)    3           2.4028 (       1) /_  119.6
------------
7         ( 15)    1           2.3696 (  0.9866) /_   -1.2
7         ( 16)    2            2.413 (   1.005) /_ -120.6
7         ( 17)    3           2.3879 (  0.9942) /_  119.3

ELEMENT = "Line.L4"
3         ( 14)    3           2.3988 (  0.9988) /_  119.5
------------
4         ( 18)    3           2.3976 (  0.9983) /_  119.5

ELEMENT = "Line.L5"
3         ( 14)    3           2.3988 (  0.9988) /_  119.5
------------
5         ( 19)    3           2.3958 (  0.9975) /_  119.5

ELEMENT = "Line.L6"
5         ( 19)    3           2.3958 (  0.9975) /_  119.5
------------
6         ( 20)    3           2.3942 (  0.9968) /_  119.5

ELEMENT = "Line.L7"
7         ( 15)    1           2.3696 (  0.9866) /_   -1.2
7         ( 16)    2            2.413 (   1.005) /_ -120.6
7         ( 17)    3           2.3879 (  0.9942) /_  119.3
------------
8         ( 21)    1           2.3541 (  0.9801) /_   -1.5
8         ( 22)    2           2.4093 (   1.003) /_ -120.8
8         ( 23)    3            2.378 (  0.9901) /_  119.1

ELEMENT = "Line.L8"
8         ( 22)    2           2.4093 (   1.003) /_ -120.8
------------
12        ( 24)    2           2.4086 (   1.003) /_ -120.8

ELEMENT = "Line.L9"
8         ( 21)    1           2.3541 (  0.9801) /_   -1.5
------------
9         ( 25)    1           2.3505 (  0.9787) /_   -1.5

ELEMENT = "Line.L10"
8         ( 21)    1           2.3541 (  0.9801) /_   -1.5
8         ( 22)    2           2.4093 (   1.003) /_ -120.8
8         ( 23)    3            2.378 (  0.9901) /_  119.1
------------
13        ( 26)    1           2.3333 (  0.9715) /_   -2.0
13        ( 27)    2            2.403 (   1.001) /_ -121.1
13        ( 28)    3           2.3631 (  0.9839) /_  118.8

ELEMENT = "Line.L11"
9R        ( 29)    1           2.3505 (  0.9787) /_   -1.5
------------
14        ( 30)    1           2.3466 (   0.977) /_   -1.6

ELEMENT = "Line.L12"
13        ( 28)    3           2.3631 (  0.9839) /_  118.8
------------
34        ( 31)    3           2.3608 (  0.9829) /_  118.8

ELEMENT = "Line.L13"
13        ( 26)    1           2.3333 (  0.9715) /_   -2.0
13        ( 27)    2            2.403 (   1.001) /_ -121.1
13        ( 28)    3           2.3631 (  0.9839) /_  118.8
------------
18        ( 32)    1           2.3119 (  0.9626) /_   -2.4
18        ( 33)    2           2.3931 (  0.9964) /_ -121.4
18        ( 34)    3            2.345 (  0.9763) /_  118.7

ELEMENT = "Line.L14"
14        ( 30)    1           2.3466 (   0.977) /_   -1.6
------------
11        ( 35)    1            2.345 (  0.9764) /_   -1.6

ELEMENT = "Line.L15"
14        ( 30)    1           2.3466 (   0.977) /_   -1.6
------------
10        ( 36)    1           2.3458 (  0.9767) /_   -1.6

ELEMENT = "Line.L16"
15        ( 37)    3           2.3598 (  0.9825) /_  118.8
------------
16        ( 38)    3           2.3574 (  0.9815) /_  118.7

ELEMENT = "Line.L17"
15        ( 37)    3           2.3598 (  0.9825) /_  118.8
------------
17        ( 39)    3           2.3587 (  0.9821) /_  118.8

ELEMENT = "Line.L18"
18        ( 32)    1           2.3119 (  0.9626) /_   -2.4
------------
19        ( 40)    1           2.3087 (  0.9612) /_   -2.4

ELEMENT = "Line.L19"
18        ( 32)    1           2.3119 (  0.9626) /_   -2.4
18        ( 33)    2           2.3931 (  0.9964) /_ -121.4
18        ( 34)    3            2.345 (  0.9763) /_  118.7
------------
21        ( 41)    1           2.3107 (  0.9621) /_   -2.5
21        ( 42)    2           2.3932 (  0.9964) /_ -121.4
21        ( 43)    3           2.3421 (  0.9751) /_  118.7

ELEMENT = "Line.L20"
19        ( 40)    1           2.3087 (  0.9612) /_   -2.4
------------
20        ( 44)    1           2.3066 (  0.9604) /_   -2.4

ELEMENT = "Line.L21"
21        ( 42)    2           2.3932 (  0.9964) /_ -121.4
------------
22        ( 45)    2           2.3899 (  0.9951) /_ -121.4

ELEMENT = "Line.L22"
21        ( 41)    1           2.3107 (  0.9621) /_   -2.5
21        ( 42)    2           2.3932 (  0.9964) /_ -121.4
21        ( 43)    3           2.3421 (  0.9751) /_  118.7
------------
23        ( 46)    1           2.3097 (  0.9617) /_   -2.5
23        ( 47)    2           2.3941 (  0.9968) /_ -121.3
23        ( 48)    3           2.3393 (   0.974) /_  118.7

ELEMENT = "Line.L23"
23        ( 48)    3           2.3393 (   0.974) /_  118.7
------------
24        ( 49)    3           2.3357 (  0.9725) /_  118.6

ELEMENT = "Line.L24"
23        ( 46)    1           2.3097 (  0.9617) /_   -2.5
23        ( 47)    2           2.3941 (  0.9968) /_ -121.3
23        ( 48)    3           2.3393 (   0.974) /_  118.7
------------
25        ( 50)    1           2.3082 (   0.961) /_   -2.6
25        ( 51)    2           2.3952 (  0.9973) /_ -121.3
25        ( 52)    3           2.3371 (  0.9731) /_  118.7

ELEMENT = "Line.L25"
25R       ( 53)    1           2.3082 (   0.961) /_   -2.6
25R       ( 54)    3           2.3371 (  0.9731) /_  118.7
------------
26        ( 55)    1           2.3076 (  0.9608) /_   -2.6
26        ( 56)    3           2.3359 (  0.9726) /_  118.7

ELEMENT = "Line.L26"
25        ( 50)    1           2.3082 (   0.961) /_   -2.6
25        ( 51)    2           2.3952 (  0.9973) /_ -121.3
25        ( 52)    3           2.3371 (  0.9731) /_  118.7
------------
28        ( 57)    1           2.3074 (  0.9607) /_   -2.6
28        ( 58)    2           2.3957 (  0.9975) /_ -121.3
28        ( 59)    3           2.3363 (  0.9727) /_  118.7

ELEMENT = "Line.L27"
26        ( 55)    1           2.3076 (  0.9608) /_   -2.6
26        ( 56)    3           2.3359 (  0.9726) /_  118.7
------------
27        ( 60)    1           2.3067 (  0.9604) /_   -2.6
27        ( 61)    3           2.3358 (  0.9725) /_  118.7

ELEMENT = "Line.L28"
26        ( 56)    3           2.3359 (  0.9726) /_  118.7
------------
31        ( 62)    3           2.3344 (   0.972) /_  118.6

ELEMENT = "Line.L29"
27        ( 60)    1           2.3067 (  0.9604) /_   -2.6
------------
33        ( 63)    1           2.3036 (  0.9591) /_   -2.6

ELEMENT = "Line.L30"
28        ( 57)    1           2.3074 (  0.9607) /_   -2.6
28        ( 58)    2           2.3957 (  0.9975) /_ -121.3
28        ( 59)    3           2.3363 (  0.9727) /_  118.7
------------
29        ( 64)    1            2.307 (  0.9605) /_   -2.6
29        ( 65)    2           2.3961 (  0.9976) /_ -121.3
29        ( 66)    3           2.3352 (  0.9723) /_  118.7

ELEMENT = "Line.L31"
29        ( 64)    1            2.307 (  0.9605) /_   -2.6
29        ( 65)    2           2.3961 (  0.9976) /_ -121.3
29        ( 66)    3           2.3352 (  0.9723) /_  118.7
------------
30        ( 67)    1           2.3077 (  0.9608) /_   -2.6
30        ( 68)    2           2.3959 (  0.9976) /_ -121.3
30        ( 69)    3            2.334 (  0.9718) /_  118.6

ELEMENT = "Line.L32"
30        ( 67)    1           2.3077 (  0.9608) /_   -2.6
30        ( 68)    2           2.3959 (  0.9976) /_ -121.3
30        ( 69)    3            2.334 (  0.9718) /_  118.6
------------
250       ( 70)    1           2.3077 (  0.9608) /_   -2.6
250       ( 71)    2           2.3959 (  0.9976) /_ -121.3
250       ( 72)    3            2.334 (  0.9718) /_  118.6

ELEMENT = "Line.L33"
31        ( 62)    3           2.3344 (   0.972) /_  118.6
------------
32        ( 73)    3           2.3334 (  0.9715) /_  118.6

ELEMENT = "Line.L34"
34        ( 31)    3           2.3608 (  0.9829) /_  118.8
------------
15        ( 37)    3           2.3598 (  0.9825) /_  118.8

ELEMENT = "Line.L35"
35        ( 74)    1           2.3052 (  0.9598) /_   -2.5
35        ( 75)    2            2.387 (  0.9938) /_ -121.4
------------
36        ( 76)    1           2.3031 (  0.9589) /_   -2.5
36        ( 77)    2           2.3858 (  0.9933) /_ -121.5

ELEMENT = "Line.L36"
35        ( 74)    1           2.3052 (  0.9598) /_   -2.5
35        ( 75)    2            2.387 (  0.9938) /_ -121.4
35        ( 78)    3           2.3424 (  0.9753) /_  118.6
------------
40        ( 79)    1           2.3016 (  0.9583) /_   -2.5
40        ( 80)    2           2.3842 (  0.9927) /_ -121.5
40        ( 81)    3           2.3399 (  0.9742) /_  118.6

ELEMENT = "Line.L37"
36        ( 76)    1           2.3031 (  0.9589) /_   -2.5
------------
37        ( 82)    1           2.3013 (  0.9581) /_   -2.5

ELEMENT = "Line.L38"
36        ( 77)    2           2.3858 (  0.9933) /_ -121.5
------------
38        ( 83)    2           2.3842 (  0.9927) /_ -121.5

ELEMENT = "Line.L39"
38        ( 83)    2           2.3842 (  0.9927) /_ -121.5
------------
39        ( 84)    2           2.3831 (  0.9922) /_ -121.5

ELEMENT = "Line.L40"
40        ( 81)    3           2.3399 (  0.9742) /_  118.6
------------
41        ( 85)    3           2.3388 (  0.9738) /_  118.6

ELEMENT = "Line.L41"
40        ( 79)    1           2.3016 (  0.9583) /_   -2.5
40        ( 80)    2           2.3842 (  0.9927) /_ -121.5
40        ( 81)    3           2.3399 (  0.9742) /_  118.6
------------
42        ( 86)    1           2.2978 (  0.9567) /_   -2.6
42        ( 87)    2           2.3816 (  0.9916) /_ -121.5
42        ( 88)    3           2.3377 (  0.9733) /_  118.6

ELEMENT = "Line.L42"
42        ( 87)    2           2.3816 (  0.9916) /_ -121.5
------------
43        ( 89)    2           2.3784 (  0.9903) /_ -121.6

ELEMENT = "Line.L43"
42        ( 86)    1           2.2978 (  0.9567) /_   -2.6
42        ( 87)    2           2.3816 (  0.9916) /_ -121.5
42        ( 88)    3           2.3377 (  0.9733) /_  118.6
------------
44        ( 90)    1           2.2951 (  0.9556) /_   -2.6
44        ( 91)    2           2.3799 (  0.9909) /_ -121.6
44        ( 92)    3           2.3358 (  0.9725) /_  118.5

ELEMENT = "Line.L44"
44        ( 90)    1           2.2951 (  0.9556) /_   -2.6
------------
45        ( 93)    1           2.2938 (  0.9551) /_   -2.6

ELEMENT = "Line.L45"
44        ( 90)    1           2.2951 (  0.9556) /_   -2.6
44        ( 91)    2           2.3799 (  0.9909) /_ -121.6
44        ( 92)    3           2.3358 (  0.9725) /_  118.5
------------
47        ( 94)    1           2.2927 (  0.9546) /_   -2.6
47        ( 95)    2           2.3773 (  0.9898) /_ -121.6
47        ( 96)    3           2.3334 (  0.9715) /_  118.5

ELEMENT = "Line.L46"
45        ( 93)    1           2.2938 (  0.9551) /_   -2.6
------------
46        ( 97)    1           2.2929 (  0.9546) /_   -2.6

ELEMENT = "Line.L47"
47        ( 94)    1           2.2927 (  0.9546) /_   -2.6
47        ( 95)    2           2.3773 (  0.9898) /_ -121.6
47        ( 96)    3           2.3334 (  0.9715) /_  118.5
------------
48        ( 98)    1            2.292 (  0.9543) /_   -2.6
48        ( 99)    2           2.3766 (  0.9895) /_ -121.6
48        (100)    3           2.3328 (  0.9713) /_  118.5

ELEMENT = "Line.L48"
47        ( 94)    1           2.2927 (  0.9546) /_   -2.6
47        ( 95)    2           2.3773 (  0.9898) /_ -121.6
47        ( 96)    3           2.3334 (  0.9715) /_  118.5
------------
49        (101)    1            2.292 (  0.9543) /_   -2.6
49        (102)    2           2.3759 (  0.9892) /_ -121.6
49        (103)    3           2.3326 (  0.9712) /_  118.5

ELEMENT = "Line.L49"
49        (101)    1            2.292 (  0.9543) /_   -2.6
49        (102)    2           2.3759 (  0.9892) /_ -121.6
49        (103)    3           2.3326 (  0.9712) /_  118.5
------------
50        (104)    1           2.2919 (  0.9543) /_   -2.6
50        (105)    2            2.376 (  0.9893) /_ -121.6
50        (106)    3           2.3317 (  0.9708) /_  118.4

ELEMENT = "Line.L50"
50        (104)    1           2.2919 (  0.9543) /_   -2.6
50        (105)    2            2.376 (  0.9893) /_ -121.6
50        (106)    3           2.3317 (  0.9708) /_  118.4
------------
51        (107)    1           2.2915 (  0.9541) /_   -2.6
51        (108)    2           2.3762 (  0.9893) /_ -121.6
51        (109)    3           2.3317 (  0.9708) /_  118.4

ELEMENT = "Line.L51"
51        (107)    1           2.2915 (  0.9541) /_   -2.6
51        (108)    2           2.3762 (  0.9893) /_ -121.6
51        (109)    3           2.3317 (  0.9708) /_  118.4
------------
151       (110)    1           2.2915 (  0.9541) /_   -2.6
151       (111)    2           2.3762 (  0.9893) /_ -121.6
151       (112)    3           2.3317 (  0.9708) /_  118.4

ELEMENT = "Line.L52"
52        (113)    1           2.3168 (  0.9646) /_   -2.4
52        (114)    2           2.3985 (  0.9986) /_ -121.4
52        (115)    3           2.3539 (  0.9801) /_  118.5
------------
53        (116)    1           2.3092 (  0.9615) /_   -2.6
53        (117)    2           2.3959 (  0.9975) /_ -121.5
53        (118)    3           2.3494 (  0.9782) /_  118.4

ELEMENT = "Line.L53"
53        (116)    1           2.3092 (  0.9615) /_   -2.6
53        (117)    2           2.3959 (  0.9975) /_ -121.5
53        (118)    3           2.3494 (  0.9782) /_  118.4
------------
54        (119)    1           2.3049 (  0.9597) /_   -2.7
54        (120)    2            2.394 (  0.9968) /_ -121.6
54        (121)    3           2.3467 (   0.977) /_  118.3

ELEMENT = "Line.L54"
54        (119)    1           2.3049 (  0.9597) /_   -2.7
54        (120)    2            2.394 (  0.9968) /_ -121.6
54        (121)    3           2.3467 (   0.977) /_  118.3
------------
55        (122)    1           2.3044 (  0.9595) /_   -2.7
55        (123)    2           2.3938 (  0.9967) /_ -121.6
55        (124)    3           2.3468 (  0.9771) /_  118.3

ELEMENT = "Line.L55"
54        (119)    1           2.3049 (  0.9597) /_   -2.7
54        (120)    2            2.394 (  0.9968) /_ -121.6
54        (121)    3           2.3467 (   0.977) /_  118.3
------------
57        (125)    1           2.2958 (  0.9559) /_   -3.0
57        (126)    2           2.3856 (  0.9933) /_ -121.9
57        (127)    3           2.3394 (   0.974) /_  118.0

ELEMENT = "Line.L56"
55        (122)    1           2.3044 (  0.9595) /_   -2.7
55        (123)    2           2.3938 (  0.9967) /_ -121.6
55        (124)    3           2.3468 (  0.9771) /_  118.3
------------
56        (128)    1           2.3043 (  0.9594) /_   -2.7
56        (129)    2           2.3934 (  0.9965) /_ -121.6
56        (130)    3            2.347 (  0.9772) /_  118.3

ELEMENT = "Line.L57"
57        (126)    2           2.3856 (  0.9933) /_ -121.9
------------
58        (131)    2            2.384 (  0.9926) /_ -121.9

ELEMENT = "Line.L58"
57        (125)    1           2.2958 (  0.9559) /_   -3.0
57        (126)    2           2.3856 (  0.9933) /_ -121.9
57        (127)    3           2.3394 (   0.974) /_  118.0
------------
60        (132)    1            2.277 (   0.948) /_   -3.7
60        (133)    2             2.37 (  0.9868) /_ -122.3
60        (134)    3           2.3227 (  0.9671) /_  117.5

ELEMENT = "Line.L59"
58        (131)    2            2.384 (  0.9926) /_ -121.9
------------
59        (135)    2           2.3832 (  0.9923) /_ -121.9

ELEMENT = "Line.L60"
60        (132)    1            2.277 (   0.948) /_   -3.7
60        (133)    2             2.37 (  0.9868) /_ -122.3
60        (134)    3           2.3227 (  0.9671) /_  117.5
------------
61        (136)    1           2.2753 (  0.9473) /_   -3.8
61        (137)    2           2.3689 (  0.9863) /_ -122.4
61        (138)    3            2.321 (  0.9664) /_  117.4

ELEMENT = "Line.L61"
60        (132)    1            2.277 (   0.948) /_   -3.7
60        (133)    2             2.37 (  0.9868) /_ -122.3
60        (134)    3           2.3227 (  0.9671) /_  117.5
------------
62        (139)    1           2.2751 (  0.9473) /_   -3.7
62        (140)    2           2.3674 (  0.9857) /_ -122.3
62        (141)    3           2.3178 (   0.965) /_  117.5

ELEMENT = "Line.L62"
62        (139)    1           2.2751 (  0.9473) /_   -3.7
62        (140)    2           2.3674 (  0.9857) /_ -122.3
62        (141)    3           2.3178 (   0.965) /_  117.5
------------
63        (142)    1           2.2737 (  0.9467) /_   -3.7
63        (143)    2           2.3653 (  0.9848) /_ -122.3
63        (144)    3           2.3153 (   0.964) /_  117.5

ELEMENT = "Line.L63"
63        (142)    1           2.2737 (  0.9467) /_   -3.7
63        (143)    2           2.3653 (  0.9848) /_ -122.3
63        (144)    3           2.3153 (   0.964) /_  117.5
------------
64        (145)    1            2.273 (  0.9464) /_   -3.7
64        (146)    2           2.3609 (   0.983) /_ -122.3
64        (147)    3           2.3101 (  0.9618) /_  117.4

ELEMENT = "Line.L64"
64        (145)    1            2.273 (  0.9464) /_   -3.7
64        (146)    2           2.3609 (   0.983) /_ -122.3
64        (147)    3           2.3101 (  0.9618) /_  117.4
------------
65        (148)    1           2.2715 (  0.9457) /_   -3.7
65        (149)    2           2.3601 (  0.9827) /_ -122.2
65        (150)    3           2.3028 (  0.9588) /_  117.4

ELEMENT = "Line.L65"
65        (148)    1           2.2715 (  0.9457) /_   -3.7
65        (149)    2           2.3601 (  0.9827) /_ -122.2
65        (150)    3           2.3028 (  0.9588) /_  117.4
------------
66        (151)    1           2.2721 (   0.946) /_   -3.7
66        (152)    2           2.3607 (  0.9829) /_ -122.2
66        (153)    3            2.299 (  0.9572) /_  117.4

ELEMENT = "Line.L66"
67        (154)    1           2.2716 (  0.9458) /_   -4.0
------------
68        (155)    1           2.2676 (  0.9442) /_   -4.1

ELEMENT = "Line.L67"
67        (154)    1           2.2716 (  0.9458) /_   -4.0
67        (156)    2           2.3674 (  0.9857) /_ -122.5
67        (157)    3            2.317 (  0.9647) /_  117.4
------------
72        (158)    1           2.2721 (   0.946) /_   -4.1
72        (159)    2            2.365 (  0.9847) /_ -122.6
72        (160)    3           2.3162 (  0.9644) /_  117.2

ELEMENT = "Line.L68"
67        (154)    1           2.2716 (  0.9458) /_   -4.0
67        (156)    2           2.3674 (  0.9857) /_ -122.5
67        (157)    3            2.317 (  0.9647) /_  117.4
------------
97        (161)    1           2.2691 (  0.9448) /_   -4.1
97        (162)    2           2.3661 (  0.9852) /_ -122.6
97        (163)    3           2.3152 (   0.964) /_  117.3

ELEMENT = "Line.L69"
68        (155)    1           2.2676 (  0.9442) /_   -4.1
------------
69        (164)    1           2.2631 (  0.9423) /_   -4.1

ELEMENT = "Line.L70"
69        (164)    1           2.2631 (  0.9423) /_   -4.1
------------
70        (165)    1           2.2599 (  0.9409) /_   -4.1

ELEMENT = "Line.L71"
70        (165)    1           2.2599 (  0.9409) /_   -4.1
------------
71        (166)    1           2.2581 (  0.9402) /_   -4.1

ELEMENT = "Line.L72"
72        (160)    3           2.3162 (  0.9644) /_  117.2
------------
73        (167)    3           2.3109 (  0.9621) /_  117.2

ELEMENT = "Line.L73"
72        (158)    1           2.2721 (   0.946) /_   -4.1
72        (159)    2            2.365 (  0.9847) /_ -122.6
72        (160)    3           2.3162 (  0.9644) /_  117.2
------------
76        (168)    1           2.2716 (  0.9458) /_   -4.2
76        (169)    2           2.3636 (  0.9841) /_ -122.7
76        (170)    3           2.3175 (  0.9649) /_  117.2

ELEMENT = "Line.L74"
73        (167)    3           2.3109 (  0.9621) /_  117.2
------------
74        (171)    3           2.3064 (  0.9603) /_  117.1

ELEMENT = "Line.L75"
74        (171)    3           2.3064 (  0.9603) /_  117.1
------------
75        (172)    3           2.3038 (  0.9592) /_  117.1

ELEMENT = "Line.L76"
76        (168)    1           2.2716 (  0.9458) /_   -4.2
76        (169)    2           2.3636 (  0.9841) /_ -122.7
76        (170)    3           2.3175 (  0.9649) /_  117.2
------------
77        (173)    1            2.274 (  0.9468) /_   -4.3
77        (174)    2           2.3661 (  0.9851) /_ -122.8
77        (175)    3           2.3193 (  0.9656) /_  117.1

ELEMENT = "Line.L77"
76        (168)    1           2.2716 (  0.9458) /_   -4.2
76        (169)    2           2.3636 (  0.9841) /_ -122.7
76        (170)    3           2.3175 (  0.9649) /_  117.2
------------
86        (176)    1            2.269 (  0.9447) /_   -4.2
86        (177)    2           2.3591 (  0.9823) /_ -122.9
86        (178)    3           2.3207 (  0.9663) /_  117.1

ELEMENT = "Line.L78"
77        (173)    1            2.274 (  0.9468) /_   -4.3
77        (174)    2           2.3661 (  0.9851) /_ -122.8
77        (175)    3           2.3193 (  0.9656) /_  117.1
------------
78        (179)    1           2.2746 (  0.9471) /_   -4.3
78        (180)    2            2.367 (  0.9855) /_ -122.8
78        (181)    3           2.3196 (  0.9658) /_  117.1

ELEMENT = "Line.L79"
78        (179)    1           2.2746 (  0.9471) /_   -4.3
78        (180)    2            2.367 (  0.9855) /_ -122.8
78        (181)    3           2.3196 (  0.9658) /_  117.1
------------
79        (182)    1            2.274 (  0.9468) /_   -4.3
79        (183)    2           2.3673 (  0.9856) /_ -122.8
79        (184)    3           2.3195 (  0.9657) /_  117.1

ELEMENT = "Line.L80"
78        (179)    1           2.2746 (  0.9471) /_   -4.3
78        (180)    2            2.367 (  0.9855) /_ -122.8
78        (181)    3           2.3196 (  0.9658) /_  117.1
------------
80        (185)    1           2.2791 (  0.9489) /_   -4.3
80        (186)    2           2.3709 (  0.9871) /_ -122.9
80        (187)    3           2.3212 (  0.9664) /_  117.0

ELEMENT = "Line.L81"
80        (185)    1           2.2791 (  0.9489) /_   -4.3
80        (186)    2           2.3709 (  0.9871) /_ -122.9
80        (187)    3           2.3212 (  0.9664) /_  117.0
------------
81        (188)    1           2.2808 (  0.9496) /_   -4.4
81        (189)    2           2.3728 (  0.9879) /_ -122.9
81        (190)    3           2.3215 (  0.9666) /_  116.9

ELEMENT = "Line.L82"
81        (188)    1           2.2808 (  0.9496) /_   -4.4
81        (189)    2           2.3728 (  0.9879) /_ -122.9
81        (190)    3           2.3215 (  0.9666) /_  116.9
------------
82        (191)    1           2.2825 (  0.9503) /_   -4.4
82        (192)    2           2.3758 (  0.9892) /_ -122.9
82        (193)    3           2.3232 (  0.9673) /_  116.9

ELEMENT = "Line.L83"
81        (190)    3           2.3215 (  0.9666) /_  116.9
------------
84        (194)    3           2.3149 (  0.9638) /_  116.9

ELEMENT = "Line.L84"
82        (191)    1           2.2825 (  0.9503) /_   -4.4
82        (192)    2           2.3758 (  0.9892) /_ -122.9
82        (193)    3           2.3232 (  0.9673) /_  116.9
------------
83        (195)    1            2.285 (  0.9514) /_   -4.4
83        (196)    2           2.3784 (  0.9903) /_ -123.0
83        (197)    3            2.325 (  0.9681) /_  116.9

ELEMENT = "Line.L85"
84        (194)    3           2.3149 (  0.9638) /_  116.9
------------
85        (198)    3           2.3118 (  0.9625) /_  116.8

ELEMENT = "Line.L86"
86        (176)    1            2.269 (  0.9447) /_   -4.2
86        (177)    2           2.3591 (  0.9823) /_ -122.9
86        (178)    3           2.3207 (  0.9663) /_  117.1
------------
87        (199)    1           2.2674 (  0.9441) /_   -4.2
87        (200)    2           2.3571 (  0.9814) /_ -123.0
87        (201)    3           2.3219 (  0.9668) /_  117.1

ELEMENT = "Line.L87"
87        (199)    1           2.2674 (  0.9441) /_   -4.2
------------
88        (202)    1           2.2672 (  0.9439) /_   -4.3

ELEMENT = "Line.L88"
87        (199)    1           2.2674 (  0.9441) /_   -4.2
87        (200)    2           2.3571 (  0.9814) /_ -123.0
87        (201)    3           2.3219 (  0.9668) /_  117.1
------------
89        (203)    1           2.2664 (  0.9436) /_   -4.2
89        (204)    2           2.3565 (  0.9811) /_ -123.1
89        (205)    3           2.3228 (  0.9671) /_  117.1

ELEMENT = "Line.L89"
89        (204)    2           2.3565 (  0.9811) /_ -123.1
------------
90        (206)    2           2.3562 (   0.981) /_ -123.1

ELEMENT = "Line.L90"
89        (203)    1           2.2664 (  0.9436) /_   -4.2
89        (204)    2           2.3565 (  0.9811) /_ -123.1
89        (205)    3           2.3228 (  0.9671) /_  117.1
------------
91        (207)    1           2.2659 (  0.9434) /_   -4.2
91        (208)    2           2.3557 (  0.9808) /_ -123.1
91        (209)    3           2.3232 (  0.9673) /_  117.1

ELEMENT = "Line.L91"
91        (209)    3           2.3232 (  0.9673) /_  117.1
------------
92        (210)    3           2.3228 (  0.9671) /_  117.0

ELEMENT = "Line.L92"
91        (207)    1           2.2659 (  0.9434) /_   -4.2
91        (208)    2           2.3557 (  0.9808) /_ -123.1
91        (209)    3           2.3232 (  0.9673) /_  117.1
------------
93        (211)    1           2.2651 (  0.9431) /_   -4.3
93        (212)    2           2.3553 (  0.9806) /_ -123.1
93        (213)    3           2.3234 (  0.9674) /_  117.1

ELEMENT = "Line.L93"
93        (211)    1           2.2651 (  0.9431) /_   -4.3
------------
94        (214)    1           2.2633 (  0.9423) /_   -4.3

ELEMENT = "Line.L94"
93        (211)    1           2.2651 (  0.9431) /_   -4.3
93        (212)    2           2.3553 (  0.9806) /_ -123.1
93        (213)    3           2.3234 (  0.9674) /_  117.1
------------
95        (215)    1            2.265 (   0.943) /_   -4.2
95        (216)    2           2.3543 (  0.9802) /_ -123.1
95        (217)    3           2.3239 (  0.9676) /_  117.1

ELEMENT = "Line.L95"
95        (216)    2           2.3543 (  0.9802) /_ -123.1
------------
96        (218)    2           2.3537 (    0.98) /_ -123.1

ELEMENT = "Line.L96"
97        (161)    1           2.2691 (  0.9448) /_   -4.1
97        (162)    2           2.3661 (  0.9852) /_ -122.6
97        (163)    3           2.3152 (   0.964) /_  117.3
------------
98        (219)    1           2.2686 (  0.9445) /_   -4.1
98        (220)    2           2.3655 (  0.9849) /_ -122.6
98        (221)    3           2.3148 (  0.9638) /_  117.3

ELEMENT = "Line.L97"
98        (219)    1           2.2686 (  0.9445) /_   -4.1
98        (220)    2           2.3655 (  0.9849) /_ -122.6
98        (221)    3           2.3148 (  0.9638) /_  117.3
------------
99        (222)    1           2.2692 (  0.9448) /_   -4.1
99        (223)    2           2.3635 (  0.9841) /_ -122.6
99        (224)    3           2.3142 (  0.9635) /_  117.3

ELEMENT = "Line.L98"
99        (222)    1           2.2692 (  0.9448) /_   -4.1
99        (223)    2           2.3635 (  0.9841) /_ -122.6
99        (224)    3           2.3142 (  0.9635) /_  117.3
------------
100       (225)    1           2.2696 (   0.945) /_   -4.1
100       (226)    2           2.3634 (   0.984) /_ -122.6
100       (227)    3           2.3133 (  0.9631) /_  117.3

ELEMENT = "Line.L99"
100       (225)    1           2.2696 (   0.945) /_   -4.1
100       (226)    2           2.3634 (   0.984) /_ -122.6
100       (227)    3           2.3133 (  0.9631) /_  117.3
------------
450       (228)    1           2.2696 (   0.945) /_   -4.1
450       (229)    2           2.3634 (   0.984) /_ -122.6
450       (230)    3           2.3133 (  0.9631) /_  117.3

ELEMENT = "Line.L118"
197       (231)    1           2.2691 (  0.9448) /_   -4.1
197       (232)    2           2.3661 (  0.9852) /_ -122.6
197       (233)    3           2.3152 (   0.964) /_  117.3
------------
101       (234)    1           2.2672 (   0.944) /_   -4.1
101       (235)    2           2.3654 (  0.9849) /_ -122.6
101       (236)    3           2.3138 (  0.9634) /_  117.3

ELEMENT = "Line.L100"
101       (236)    3           2.3138 (  0.9634) /_  117.3
------------
102       (237)    3           2.3101 (  0.9618) /_  117.3

ELEMENT = "Line.L101"
101       (234)    1           2.2672 (   0.944) /_   -4.1
101       (235)    2           2.3654 (  0.9849) /_ -122.6
101       (236)    3           2.3138 (  0.9634) /_  117.3
------------
105       (238)    1            2.264 (  0.9426) /_   -4.2
105       (239)    2            2.365 (  0.9847) /_ -122.6
105       (240)    3           2.3145 (  0.9637) /_  117.4

ELEMENT = "Line.L102"
102       (237)    3           2.3101 (  0.9618) /_  117.3
------------
103       (241)    3           2.3058 (  0.9601) /_  117.3

ELEMENT = "Line.L103"
103       (241)    3           2.3058 (  0.9601) /_  117.3
------------
104       (242)    3           2.3012 (  0.9581) /_  117.2

ELEMENT = "Line.L104"
105       (239)    2            2.365 (  0.9847) /_ -122.6
------------
106       (243)    2           2.3621 (  0.9835) /_ -122.6

ELEMENT = "Line.L105"
105       (238)    1            2.264 (  0.9426) /_   -4.2
105       (239)    2            2.365 (  0.9847) /_ -122.6
105       (240)    3           2.3145 (  0.9637) /_  117.4
------------
108       (244)    1           2.2604 (  0.9412) /_   -4.2
108       (245)    2           2.3665 (  0.9853) /_ -122.6
108       (246)    3           2.3142 (  0.9635) /_  117.4

ELEMENT = "Line.L106"
106       (243)    2           2.3621 (  0.9835) /_ -122.6
------------
107       (247)    2           2.3584 (  0.9819) /_ -122.7

ELEMENT = "Line.L107"
108       (244)    1           2.2604 (  0.9412) /_   -4.2
------------
109       (248)    1           2.2505 (   0.937) /_   -4.3

ELEMENT = "Line.L108"
108       (244)    1           2.2604 (  0.9412) /_   -4.2
108       (245)    2           2.3665 (  0.9853) /_ -122.6
108       (246)    3           2.3142 (  0.9635) /_  117.4
------------
300       (249)    1           2.2604 (  0.9412) /_   -4.2
300       (250)    2           2.3665 (  0.9853) /_ -122.6
300       (251)    3           2.3142 (  0.9635) /_  117.4

ELEMENT = "Line.L109"
109       (248)    1           2.2505 (   0.937) /_   -4.3
------------
110       (252)    1           2.2458 (  0.9351) /_   -4.4

ELEMENT = "Line.L110"
110       (252)    1           2.2458 (  0.9351) /_   -4.4
------------
111       (253)    1           2.2439 (  0.9343) /_   -4.4

ELEMENT = "Line.L111"
110       (252)    1           2.2458 (  0.9351) /_   -4.4
------------
112       (254)    1           2.2443 (  0.9344) /_   -4.4

ELEMENT = "Line.L112"
112       (254)    1           2.2443 (  0.9344) /_   -4.4
------------
113       (255)    1           2.2395 (  0.9324) /_   -4.4

ELEMENT = "Line.L113"
113       (255)    1           2.2395 (  0.9324) /_   -4.4
------------
114       (256)    1           2.2384 (   0.932) /_   -4.4

ELEMENT = "Line.L114"
135       (257)    1           2.3119 (  0.9626) /_   -2.4
135       (258)    2           2.3931 (  0.9964) /_ -121.4
135       (259)    3            2.345 (  0.9763) /_  118.7
------------
35        ( 74)    1           2.3052 (  0.9598) /_   -2.5
35        ( 75)    2            2.387 (  0.9938) /_ -121.4
35        ( 78)    3           2.3424 (  0.9753) /_  118.6

ELEMENT = "Line.L116"
152       (260)    1           2.3333 (  0.9715) /_   -2.0
152       (261)    2            2.403 (   1.001) /_ -121.1
152       (262)    3           2.3631 (  0.9839) /_  118.8
------------
52        (113)    1           2.3168 (  0.9646) /_   -2.4
52        (114)    2           2.3985 (  0.9986) /_ -121.4
52        (115)    3           2.3539 (  0.9801) /_  118.5

ELEMENT = "Line.L117"
160R      (263)    1            2.277 (   0.948) /_   -3.7
160R      (264)    2             2.37 (  0.9868) /_ -122.3
160R      (265)    3           2.3227 (  0.9671) /_  117.5
------------
67        (154)    1           2.2716 (  0.9458) /_   -4.0
67        (156)    2           2.3674 (  0.9857) /_ -122.5
67        (157)    3            2.317 (  0.9647) /_  117.4

ELEMENT = "Line.SW1"
150R      (  4)    1           2.4258 (    1.01) /_    0.0
150R      (  5)    2           2.4258 (    1.01) /_ -120.0
150R      (  6)    3           2.4258 (    1.01) /_  120.0
------------
149       (  7)    1           2.4258 (    1.01) /_    0.0
149       (  8)    2           2.4258 (    1.01) /_ -120.0
149       (  9)    3           2.4258 (    1.01) /_  120.0

ELEMENT = "Line.SW2"
13        ( 26)    1           2.3333 (  0.9715) /_   -2.0
13        ( 27)    2            2.403 (   1.001) /_ -121.1
13        ( 28)    3           2.3631 (  0.9839) /_  118.8
------------
152       (260)    1           2.3333 (  0.9715) /_   -2.0
152       (261)    2            2.403 (   1.001) /_ -121.1
152       (262)    3           2.3631 (  0.9839) /_  118.8

ELEMENT = "Line.SW3"
18        ( 32)    1           2.3119 (  0.9626) /_   -2.4
18        ( 33)    2           2.3931 (  0.9964) /_ -121.4
18        ( 34)    3            2.345 (  0.9763) /_  118.7
------------
135       (257)    1           2.3119 (  0.9626) /_   -2.4
135       (258)    2           2.3931 (  0.9964) /_ -121.4
135       (259)    3            2.345 (  0.9763) /_  118.7

ELEMENT = "Line.SW4"
60        (132)    1            2.277 (   0.948) /_   -3.7
60        (133)    2             2.37 (  0.9868) /_ -122.3
60        (134)    3           2.3227 (  0.9671) /_  117.5
------------
160       (266)    1            2.277 (   0.948) /_   -3.7
160       (267)    2             2.37 (  0.9868) /_ -122.3
160       (268)    3           2.3227 (  0.9671) /_  117.5

ELEMENT = "Line.SW5"
97        (161)    1           2.2691 (  0.9448) /_   -4.1
97        (162)    2           2.3661 (  0.9852) /_ -122.6
97        (163)    3           2.3152 (   0.964) /_  117.3
------------
197       (231)    1           2.2691 (  0.9448) /_   -4.1
197       (232)    2           2.3661 (  0.9852) /_ -122.6
197       (233)    3           2.3152 (   0.964) /_  117.3

ELEMENT = "Line.SW6"
61        (136)    1           2.2753 (  0.9473) /_   -3.8
61        (137)    2           2.3689 (  0.9863) /_ -122.4
61        (138)    3            2.321 (  0.9664) /_  117.4
------------
61S       (269)    1           2.2753 (  0.9473) /_   -3.8
61S       (270)    2           2.3689 (  0.9863) /_ -122.4
61S       (271)    3            2.321 (  0.9664) /_  117.4

ELEMENT = "Line.SW7"
151       (110)    1           2.2915 (  0.9541) /_   -2.6
151       (111)    2           2.3762 (  0.9893) /_ -121.6
151       (112)    3           2.3317 (  0.9708) /_  118.4
------------
300_OPEN  (272)    1           2.2915 (  0.9541) /_   -2.6
300_OPEN  (273)    2           2.3762 (  0.9893) /_ -121.6
300_OPEN  (274)    3           2.3317 (  0.9708) /_  118.4

ELEMENT = "Line.SW8"
54        (119)    1           2.3049 (  0.9597) /_   -2.7
------------
94_OPEN   (275)    1           2.3049 (  0.9597) /_   -2.7

ELEMENT = "Transformer.XFM1"
61S       (269)    1           2.2753 (  0.9473) /_   -3.8
61S       (270)    2           2.3689 (  0.9863) /_ -122.4
61S       (271)    3            2.321 (  0.9664) /_  117.4
61S       (  0)    0                0 (       0) /_    0.0
------------
610       (276)    1          0.25712 (  0.9278) /_   -5.4
610       (277)    2          0.26102 (  0.9419) /_ -124.7
610       (278)    3          0.26175 (  0.9445) /_  114.2
610       (  0)    0                0 (       0) /_    0.0

ELEMENT = "Capacitor.C83"
83        (195)    1            2.285 (  0.9514) /_   -4.4
83        (196)    2           2.3784 (  0.9903) /_ -123.0
83        (197)    3            2.325 (  0.9681) /_  116.9
------------
83        (  0)    0                0 (       0) /_    0.0
83        (  0)    0                0 (       0) /_    0.0
83        (  0)    0                0 (       0) /_    0.0

ELEMENT = "Capacitor.C88A"
88        (202)    1           2.2672 (  0.9439) /_   -4.3
------------
88        (  0)    0                0 (       0) /_    0.0

ELEMENT = "Capacitor.C90B"
90        (206)    2           2.3562 (   0.981) /_ -123.1
------------
90        (  0)    0                0 (       0) /_    0.0

ELEMENT = "Capacitor.C92C"
92        (210)    3           2.3228 (  0.9671) /_  117.0
------------
92        (  0)    0                0 (       0) /_    0.0

ELEMENT = "Transformer.REG2A"
9         ( 25)    1           2.3505 (  0.9787) /_   -1.5
9         (  0)    0                0 (       0) /_    0.0
------------
9R        ( 29)    1           2.3505 (  0.9787) /_   -1.5
9R        (  0)    0                0 (       0) /_    0.0

ELEMENT = "Transformer.REG3A"
25        ( 50)    1           2.3082 (   0.961) /_   -2.6
25        (  0)    0                0 (       0) /_    0.0
------------
25R       ( 53)    1           2.3082 (   0.961) /_   -2.6
25R       (  0)    0                0 (       0) /_    0.0

ELEMENT = "Transformer.REG4A"
160       (266)    1            2.277 (   0.948) /_   -3.7
160       (  0)    0                0 (       0) /_    0.0
------------
160R      (263)    1            2.277 (   0.948) /_   -3.7
160R      (  0)    0                0 (       0) /_    0.0

ELEMENT = "Transformer.REG3C"
25        ( 52)    3           2.3371 (  0.9731) /_  118.7
25        (  0)    0                0 (       0) /_    0.0
------------
25R       ( 54)    3           2.3371 (  0.9731) /_  118.7
25R       (  0)    0                0 (       0) /_    0.0

ELEMENT = "Transformer.REG4B"
160       (267)    2             2.37 (  0.9868) /_ -122.3
160       (  0)    0                0 (       0) /_    0.0
------------
160R      (264)    2             2.37 (  0.9868) /_ -122.3
160R      (  0)    0                0 (       0) /_    0.0

ELEMENT = "Transformer.REG4C"
160       (268)    3           2.3227 (  0.9671) /_  117.5
160       (  0)    0                0 (       0) /_    0.0
------------
160R      (265)    3           2.3227 (  0.9671) /_  117.5
160R      (  0)    0                0 (       0) /_    0.0

= = = = = = = = = = = = = = = = = = =  = = = = = = = = = = =  = =

Power Conversion Elements

Bus      (node ref)  Phase    Magnitude, kV (pu)    Angle

ELEMENT = "Load.S1A"
1         ( 10)    1           2.3936 (  0.9966) /_   -0.7
1         (  0)    0                0 (       0) /_    0.0

ELEMENT = "Load.S2B"
2         ( 13)    2           2.4178 (   1.007) /_ -120.4
2         (  0)    0                0 (       0) /_    0.0

ELEMENT = "Load.S4C"
4         ( 18)    3           2.3976 (  0.9983) /_  119.5
4         (  0)    0                0 (       0) /_    0.0

ELEMENT = "Load.S5C"
5         ( 19)    3           2.3958 (  0.9975) /_  119.5
5         (  0)    0                0 (       0) /_    0.0

ELEMENT = "Load.S6C"
6         ( 20)    3           2.3942 (  0.9968) /_  119.5
6         (  0)    0                0 (       0) /_    0.0

ELEMENT = "Load.S7A"
7         ( 15)    1           2.3696 (  0.9866) /_   -1.2
7         (  0)    0                0 (       0) /_    0.0

ELEMENT = "Load.S9A"
9         ( 25)    1           2.3505 (  0.9787) /_   -1.5
9         (  0)    0                0 (       0) /_    0.0

ELEMENT = "Load.S10A"
10        ( 36)    1           2.3458 (  0.9767) /_   -1.6
10        (  0)    0                0 (       0) /_    0.0

ELEMENT = "Load.S11A"
11        ( 35)    1            2.345 (  0.9764) /_   -1.6
11        (  0)    0                0 (       0) /_    0.0

ELEMENT = "Load.S12B"
12        ( 24)    2           2.4086 (   1.003) /_ -120.8
12        (  0)    0                0 (       0) /_    0.0

ELEMENT = "Load.S16C"
16        ( 38)    3           2.3574 (  0.9815) /_  118.7
16        (  0)    0                0 (       0) /_    0.0

ELEMENT = "Load.S17C"
17        ( 39)    3           2.3587 (  0.9821) /_  118.8
17        (  0)    0                0 (       0) /_    0.0

ELEMENT = "Load.S19A"
19        ( 40)    1           2.3087 (  0.9612) /_   -2.4
19        (  0)    0                0 (       0) /_    0.0

ELEMENT = "Load.S20A"
20        ( 44)    1           2.3066 (  0.9604) /_   -2.4
20        (  0)    0                0 (       0) /_    0.0

ELEMENT = "Load.S22B"
22        ( 45)    2           2.3899 (  0.9951) /_ -121.4
22        (  0)    0                0 (       0) /_    0.0

ELEMENT = "Load.S24C"
24        ( 49)    3           2.3357 (  0.9725) /_  118.6
24        (  0)    0                0 (       0) /_    0.0

ELEMENT = "Load.S28A"
28        ( 57)    1           2.3074 (  0.9607) /_   -2.6
28        (  0)    0                0 (       0) /_    0.0

ELEMENT = "Load.S29A"
29        ( 64)    1            2.307 (  0.9605) /_   -2.6
29        (  0)    0                0 (       0) /_    0.0

ELEMENT = "Load.S30C"
30        ( 69)    3            2.334 (  0.9718) /_  118.6
30        (  0)    0                0 (       0) /_    0.0

ELEMENT = "Load.S31C"
31        ( 62)    3           2.3344 (   0.972) /_  118.6
31        (  0)    0                0 (       0) /_    0.0

ELEMENT = "Load.S32C"
32        ( 73)    3           2.3334 (  0.9715) /_  118.6
32        (  0)    0                0 (       0) /_    0.0

ELEMENT = "Load.S33A"
33        ( 63)    1           2.3036 (  0.9591) /_   -2.6
33        (  0)    0                0 (       0) /_    0.0

ELEMENT = "Load.S34C"
34        ( 31)    3           2.3608 (  0.9829) /_  118.8
34        (  0)    0                0 (       0) /_    0.0

ELEMENT = "Load.S35A"
35        ( 74)    1           2.3052 (  0.9598) /_   -2.5
35        ( 75)    2            2.387 (  0.9938) /_ -121.4

ELEMENT = "Load.S37A"
37        ( 82)    1           2.3013 (  0.9581) /_   -2.5
37        (  0)    0                0 (       0) /_    0.0

ELEMENT = "Load.S38B"
38        ( 83)    2           2.3842 (  0.9927) /_ -121.5
38        (  0)    0                0 (       0) /_    0.0

ELEMENT = "Load.S39B"
39        ( 84)    2           2.3831 (  0.9922) /_ -121.5
39        (  0)    0                0 (       0) /_    0.0

ELEMENT = "Load.S41C"
41        ( 85)    3           2.3388 (  0.9738) /_  118.6
41        (  0)    0                0 (       0) /_    0.0

ELEMENT = "Load.S42A"
42        ( 86)    1           2.2978 (  0.9567) /_   -2.6
42        (  0)    0                0 (       0) /_    0.0

ELEMENT = "Load.S43B"
43        ( 89)    2           2.3784 (  0.9903) /_ -121.6
43        (  0)    0                0 (       0) /_    0.0

ELEMENT = "Load.S45A"
45        ( 93)    1           2.2938 (  0.9551) /_   -2.6
45        (  0)    0                0 (       0) /_    0.0

ELEMENT = "Load.S46A"
46        ( 97)    1           2.2929 (  0.9546) /_   -2.6
46        (  0)    0                0 (       0) /_    0.0

ELEMENT = "Load.S47"
47        ( 94)    1           2.2927 (  0.9546) /_   -2.6
47        ( 95)    2           2.3773 (  0.9898) /_ -121.6
47        ( 96)    3           2.3334 (  0.9715) /_  118.5
47        (  0)    0                0 (       0) /_    0.0

ELEMENT = "Load.S48"
48        ( 98)    1            2.292 (  0.9543) /_   -2.6
48        ( 99)    2           2.3766 (  0.9895) /_ -121.6
48        (100)    3           2.3328 (  0.9713) /_  118.5
48        (  0)    0                0 (       0) /_    0.0

ELEMENT = "Load.S49A"
49        (101)    1            2.292 (  0.9543) /_   -2.6
49        (  0)    0                0 (       0) /_    0.0

ELEMENT = "Load.S49B"
49        (102)    2           2.3759 (  0.9892) /_ -121.6
49        (  0)    0                0 (       0) /_    0.0

ELEMENT = "Load.S49C"
49        (103)    3           2.3326 (  0.9712) /_  118.5
49        (  0)    0                0 (       0) /_    0.0

ELEMENT = "Load.S50C"
50        (106)    3           2.3317 (  0.9708) /_  118.4
50        (  0)    0                0 (       0) /_    0.0

ELEMENT = "Load.S51A"
51        (107)    1           2.2915 (  0.9541) /_   -2.6
51        (  0)    0                0 (       0) /_    0.0

ELEMENT = "Load.S52A"
52        (113)    1           2.3168 (  0.9646) /_   -2.4
52        (  0)    0                0 (       0) /_    0.0

ELEMENT = "Load.S53A"
53        (116)    1           2.3092 (  0.9615) /_   -2.6
53        (  0)    0                0 (       0) /_    0.0

ELEMENT = "Load.S55A"
55        (122)    1           2.3044 (  0.9595) /_   -2.7
55        (  0)    0                0 (       0) /_    0.0

ELEMENT = "Load.S56B"
56        (129)    2           2.3934 (  0.9965) /_ -121.6
56        (  0)    0                0 (       0) /_    0.0

ELEMENT = "Load.S58B"
58        (131)    2            2.384 (  0.9926) /_ -121.9
58        (  0)    0                0 (       0) /_    0.0

ELEMENT = "Load.S59B"
59        (135)    2           2.3832 (  0.9923) /_ -121.9
59        (  0)    0                0 (       0) /_    0.0

ELEMENT = "Load.S60A"
60        (132)    1            2.277 (   0.948) /_   -3.7
60        (  0)    0                0 (       0) /_    0.0

ELEMENT = "Load.S62C"
62        (141)    3           2.3178 (   0.965) /_  117.5
62        (  0)    0                0 (       0) /_    0.0

ELEMENT = "Load.S63A"
63        (142)    1           2.2737 (  0.9467) /_   -3.7
63        (  0)    0                0 (       0) /_    0.0

ELEMENT = "Load.S64B"
64        (146)    2           2.3609 (   0.983) /_ -122.3
64        (  0)    0                0 (       0) /_    0.0

ELEMENT = "Load.S65A"
65        (148)    1           2.2715 (  0.9457) /_   -3.7
65        (149)    2           2.3601 (  0.9827) /_ -122.2

ELEMENT = "Load.S65B"
65        (149)    2           2.3601 (  0.9827) /_ -122.2
65        (150)    3           2.3028 (  0.9588) /_  117.4

ELEMENT = "Load.S65C"
65        (150)    3           2.3028 (  0.9588) /_  117.4
65        (148)    1           2.2715 (  0.9457) /_   -3.7

ELEMENT = "Load.S66C"
66        (153)    3            2.299 (  0.9572) /_  117.4
66        (  0)    0                0 (       0) /_    0.0

ELEMENT = "Load.S68A"
68        (155)    1           2.2676 (  0.9442) /_   -4.1
68        (  0)    0                0 (       0) /_    0.0

ELEMENT = "Load.S69A"
69        (164)    1           2.2631 (  0.9423) /_   -4.1
69        (  0)    0                0 (       0) /_    0.0

ELEMENT = "Load.S70A"
70        (165)    1           2.2599 (  0.9409) /_   -4.1
70        (  0)    0                0 (       0) /_    0.0

ELEMENT = "Load.S71A"
71        (166)    1           2.2581 (  0.9402) /_   -4.1
71        (  0)    0                0 (       0) /_    0.0

ELEMENT = "Load.S73C"
73        (167)    3           2.3109 (  0.9621) /_  117.2
73        (  0)    0                0 (       0) /_    0.0

ELEMENT = "Load.S74C"
74        (171)    3           2.3064 (  0.9603) /_  117.1
74        (  0)    0                0 (       0) /_    0.0

ELEMENT = "Load.S75C"
75        (172)    3           2.3038 (  0.9592) /_  117.1
75        (  0)    0                0 (       0) /_    0.0

ELEMENT = "Load.S76A"
76        (168)    1           2.2716 (  0.9458) /_   -4.2
76        (169)    2           2.3636 (  0.9841) /_ -122.7

ELEMENT = "Load.S76B"
76        (169)    2           2.3636 (  0.9841) /_ -122.7
76        (170)    3           2.3175 (  0.9649) /_  117.2

ELEMENT = "Load.S76C"
76        (170)    3           2.3175 (  0.9649) /_  117.2
76        (168)    1           2.2716 (  0.9458) /_   -4.2

ELEMENT = "Load.S77B"
77        (174)    2           2.3661 (  0.9851) /_ -122.8
77        (  0)    0                0 (       0) /_    0.0

ELEMENT = "Load.S79A"
79        (182)    1            2.274 (  0.9468) /_   -4.3
79        (  0)    0                0 (       0) /_    0.0

ELEMENT = "Load.S80B"
80        (186)    2           2.3709 (  0.9871) /_ -122.9
80        (  0)    0                0 (       0) /_    0.0

ELEMENT = "Load.S82A"
82        (191)    1           2.2825 (  0.9503) /_   -4.4
82        (  0)    0                0 (       0) /_    0.0

ELEMENT = "Load.S83C"
83        (197)    3            2.325 (  0.9681) /_  116.9
83        (  0)    0                0 (       0) /_    0.0

ELEMENT = "Load.S84C"
84        (194)    3           2.3149 (  0.9638) /_  116.9
84        (  0)    0                0 (       0) /_    0.0

ELEMENT = "Load.S85C"
85        (198)    3           2.3118 (  0.9625) /_  116.8
85        (  0)    0                0 (       0) /_    0.0

ELEMENT = "Load.S86B"
86        (177)    2           2.3591 (  0.9823) /_ -122.9
86        (  0)    0                0 (       0) /_    0.0

ELEMENT = "Load.S87B"
87        (200)    2           2.3571 (  0.9814) /_ -123.0
87        (  0)    0                0 (       0) /_    0.0

ELEMENT = "Load.S88A"
88        (202)    1           2.2672 (  0.9439) /_   -4.3
88        (  0)    0                0 (       0) /_    0.0

ELEMENT = "Load.S90B"
90        (206)    2           2.3562 (   0.981) /_ -123.1
90        (  0)    0                0 (       0) /_    0.0

ELEMENT = "Load.S92C"
92        (210)    3           2.3228 (  0.9671) /_  117.0
92        (  0)    0                0 (       0) /_    0.0

ELEMENT = "Load.S94A"
94        (214)    1           2.2633 (  0.9423) /_   -4.3
94        (  0)    0                0 (       0) /_    0.0

ELEMENT = "Load.S95B"
95        (216)    2           2.3543 (  0.9802) /_ -123.1
95        (  0)    0                0 (       0) /_    0.0

ELEMENT = "Load.S96B"
96        (218)    2           2.3537 (    0.98) /_ -123.1
96        (  0)    0                0 (       0) /_    0.0

ELEMENT = "Load.S98A"
98        (219)    1           2.2686 (  0.9445) /_   -4.1
98        (  0)    0                0 (       0) /_    0.0

ELEMENT = "Load.S99B"
99        (223)    2           2.3635 (  0.9841) /_ -122.6
99        (  0)    0                0 (       0) /_    0.0

ELEMENT = "Load.S100C"
100       (227)    3           2.3133 (  0.9631) /_  117.3
100       (  0)    0                0 (       0) /_    0.0

ELEMENT = "Load.S102C"
102       (237)    3           2.3101 (  0.9618) /_  117.3
102       (  0)    0                0 (       0) /_    0.0

ELEMENT = "Load.S103C"
103       (241)    3           2.3058 (  0.9601) /_  117.3
103       (  0)    0                0 (       0) /_    0.0

ELEMENT = "Load.S104C"
104       (242)    3           2.3012 (  0.9581) /_  117.2
104       (  0)    0                0 (       0) /_    0.0

ELEMENT = "Load.S106B"
106       (243)    2           2.3621 (  0.9835) /_ -122.6
106       (  0)    0                0 (       0) /_    0.0

ELEMENT = "Load.S107B"
107       (247)    2           2.3584 (  0.9819) /_ -122.7
107       (  0)    0                0 (       0) /_    0.0

ELEMENT = "Load.S109A"
109       (248)    1           2.2505 (   0.937) /_   -4.3
109       (  0)    0                0 (       0) /_    0.0

ELEMENT = "Load.S111A"
111       (253)    1           2.2439 (  0.9343) /_   -4.4
111       (  0)    0                0 (       0) /_    0.0

ELEMENT = "Load.S112A"
112       (254)    1           2.2443 (  0.9344) /_   -4.4
112       (  0)    0                0 (       0) /_    0.0

ELEMENT = "Load.S113A"
113       (255)    1           2.2395 (  0.9324) /_   -4.4
113       (  0)    0                0 (       0) /_    0.0

ELEMENT = "Load.S114A"
114       (256)    1           2.2384 (   0.932) /_   -4.4
114       (  0)    0                0 (       0) /_    0.0

ELEMENT = "Load.S610"
610       (276)    1          0.25712 (  0.9278) /_   -5.4
610       (277)    2          0.26102 (  0.9419) /_ -124.7
610       (278)    3          0.26175 (  0.9445) /_  114.2
610       (  0)    0                0 (       0) /_    0.0

